1948  -11.960  -10.055   -2.510    5.655   11.815   17.250   20.700   20.530   16.095    8.200    5.570   -3.430
1949   -6.135   -4.890   -1.865    5.705   12.995   20.345   22.090   20.965   14.245   11.070   -0.080   -4.255
1950   -4.505   -9.620   -5.240    3.425   12.430   18.230   19.910   19.215   13.330    9.890    3.515   -4.960
1951   -6.555   -5.940   -1.100    6.355   13.005   17.370   20.460   18.990   15.360    9.885   -0.850   -4.410
1952   -7.075   -5.655   -2.865    7.120   11.215   18.275   22.505   20.005   16.000    6.585    3.275   -3.135
1953   -4.720   -4.550   -0.545    5.845   13.955   18.850   20.715   19.500   15.285    9.965    3.395   -0.945
1954  -11.020   -3.890   -2.370    5.565   11.915   18.625   18.900   17.650   13.880   10.295    2.375   -5.500
1955   -9.380   -6.820   -2.770    6.895   14.325   18.555   22.450   20.930   14.445    9.740    0.790  -10.040
1956   -7.815   -6.395   -5.265    4.020    9.420   18.090   18.705   18.815   12.505    8.890    2.135   -4.555
1957  -12.250   -5.715   -2.620    5.450   11.935   19.555   19.900   18.375   16.095    9.015    3.655   -1.965
1958   -6.695   -9.465    0.195    6.965   10.785   15.665   20.475   19.535   15.400    8.075    2.860  -11.555
1959   -9.480  -10.875   -4.165    5.640   13.910   17.795   21.720   21.105   16.615    8.245    0.500   -4.835
1960   -8.380   -4.280   -6.645    6.350   15.455   17.720   19.575   19.945   16.025    8.015    3.915   -7.970
1961  -12.345   -6.605   -2.740    4.685   11.080   17.490   20.010   19.440   18.345   10.385    2.405   -5.255
1962   -9.965  -10.545   -1.355    5.495   13.175   18.220   18.720   19.405   14.045    8.190   -0.500   -6.750
1963  -10.000  -11.235   -2.585    4.555   11.430   19.040   21.170   17.340   11.990   11.585    4.275  -11.570
1964   -6.315   -7.040   -1.915    4.715   14.070   17.550   20.485   17.205   13.745    7.460    1.665   -5.760
1965  -11.840   -9.000   -4.695    3.055   13.320   17.050   18.890   19.040   14.855    7.325    0.450   -3.825
1966   -9.330   -7.140   -1.265    3.985    9.970   17.995   20.560   19.535   13.460    8.285    3.915   -5.455
1967   -4.395  -10.500   -5.105    3.945    8.185   19.225   20.255   19.080   15.375    8.620    0.240   -5.025
1968  -12.020  -10.800   -0.325    7.470   11.080   16.680   20.270   18.200   16.630   10.465    0.360   -7.095
1969   -7.255   -7.255   -3.095    5.195   11.375   17.330   19.610   20.495   15.315    8.170    2.960   -7.625
1970  -13.500   -7.600   -2.795    4.470   12.540   17.435   21.055   19.640   14.940    9.690    3.150   -9.245
1971  -11.520   -6.780   -3.500    3.460   12.135   17.855   19.810   19.385   17.345   11.835    0.030   -6.090
1972   -7.290   -9.435   -4.545    1.845   13.535   16.760   19.875   18.345   15.240    5.565   -0.505   -6.995
1973   -6.600   -9.675    2.000    5.715   11.750   18.020   21.410   21.320   14.575    9.730    1.140   -3.545
1974   -8.120   -9.945   -3.480    6.890   10.115   17.105   20.010   19.790   14.085    4.530    1.340   -4.245
1975   -6.070   -6.625   -3.055    3.160   15.355   18.065   21.300   20.105   13.485    8.310    3.725   -8.235
1976  -11.630   -4.745   -1.660    6.310   12.040   19.145   19.005   18.815   14.055    5.865   -1.630  -10.815
1977  -12.130   -7.005    0.965    4.110   13.030   16.425   19.685   18.755   14.165    7.690    2.580   -6.605
1978  -10.040  -11.155   -5.275    1.920   12.445   17.130   20.155   19.630   12.590    7.315    0.285   -5.465
1979   -7.660  -13.285    1.075    6.140   12.705   17.615   20.705   17.920   14.485    8.070    3.550   -4.980
1980   -8.960  -10.500   -2.375    6.705   12.330   15.590   20.305   20.435   13.870    5.895   -0.480  -10.525
1981  -13.940   -2.480   -0.975    6.835   12.470   17.380   20.000   19.120   13.560    5.570    0.910   -5.375
1982  -13.610   -9.120   -2.690    4.030   12.985   15.580   20.050   16.765   14.800    8.350    3.170   -2.995
1983   -7.895   -6.580   -0.740    5.635   11.100   17.720   20.395   19.575   16.195    7.885    2.125   -7.675
1984  -10.215   -3.100   -6.260    6.590   10.695   17.160   20.025   20.205   13.250    8.985    1.595   -3.555
1985  -11.290   -6.145   -2.220    5.510   11.955   14.890   19.365   18.600   15.445    8.480    0.945   -7.785
1986   -7.865   -8.790   -0.670    7.990   13.915   15.600   19.365   17.760   13.750    6.965   -0.120   -5.290
1987   -7.410   -9.180    0.395    8.155   12.250   18.080   20.485   18.345   14.965    6.510    0.475   -4.755
1988   -8.205   -6.750   -2.280    6.215   13.475   16.565   21.355   20.315   14.225    6.170    3.050   -7.195
1989   -6.545   -9.025   -3.620    3.900   13.690   17.625   20.070   18.885   15.260    8.370    0.720  -14.820
1990   -3.035   -6.200   -0.760    6.935   10.890   17.445   20.090   20.260   14.315    8.940    2.185   -3.510
1991   -8.995   -5.010   -0.620    7.685   14.410   18.100   20.255   20.265   13.610    8.915    0.860   -6.550
1992   -8.310   -7.380   -3.555    4.790   11.365   16.540   17.880   18.680   14.600    5.855    0.305   -4.895
1993   -7.700  -11.475   -2.855    6.525   11.970   16.800   20.715   20.195   14.300    6.700    1.160   -5.890
1994  -14.895  -10.510   -2.065    6.125   11.310   18.395   20.935   18.195   14.275    8.255    3.390   -4.790
1995   -4.895   -9.840   -0.780    1.460   11.455   18.760   20.885   20.345   12.975   10.955   -0.975   -8.475
1996   -9.675   -8.415   -4.970    3.310   10.340   17.265   18.980   19.195   15.895    7.895   -1.225   -1.885
1997   -9.075   -5.850   -3.975    3.720    9.520   18.260   19.805   18.400   14.360    7.400    0.240   -4.745
1998   -6.115   -3.865   -0.240    6.485   15.265   17.445   20.305   20.080   15.885    9.145    1.805   -1.795
1999   -8.985   -5.620   -2.640    4.055   14.170   19.680   21.760   19.395   17.880    7.470    4.170   -4.470
2000  -10.020   -6.210    0.415    3.540   11.940   16.290   18.435   18.765   14.380    8.385    2.425   -9.070
2001   -7.970   -7.290   -3.545    3.980   13.130   18.765   18.885   21.255   16.030   10.215    4.735   -0.425
2002   -3.455   -4.595   -2.340    4.710    9.930   16.340   20.860   20.655   17.395    6.525    0.125   -5.185
2003  -11.970  -10.500   -3.310    1.245   11.440   17.065   19.650   20.425   16.310    8.075    3.160   -3.735
2004  -14.150   -7.050   -1.555    3.955   12.080   15.700   19.310   18.630   15.715    8.925    2.170   -6.270
2005  -11.230   -6.005   -3.450    5.630   10.205   19.645   20.845   20.700   17.110    9.560    3.315   -5.270
2006   -3.515   -6.370   -2.005    5.515   13.260   18.025   21.330   18.840   14.870    8.235    4.775   -0.850
2007   -6.490  -10.015   -3.400    4.200   12.685   18.065   19.630   19.610   16.450   11.740    1.260   -5.775
2008   -5.505   -6.330   -3.545    6.070   11.350   17.945   20.515   18.630   15.710    8.480    2.380   -5.625
2009  -11.395   -5.935   -2.480    5.695   11.495   15.930   18.245   19.895   15.130    7.095    4.705   -5.275
2010   -6.120   -4.125    1.370    8.120   13.865   17.445   21.780   20.315   16.185    8.810    2.235   -5.380
2011   -9.305   -7.325   -2.680    4.725   12.455   17.070   21.595   20.170   16.910    9.740    5.740   -2.570
2012   -5.895   -3.940    2.835    6.130   14.515   17.855   22.000   21.125   15.770   10.885    1.000   -3.235
2013   -6.825   -6.360   -0.785    4.330   13.495   17.190   21.370   19.775   15.325   10.300    0.395   -7.160